1 2
1 3
1 4
1 5
1 6
1 7
1 8
1 9
1 10
1 11
1 12
1 13
1 14
1 15
1 16
1 17
1 18
1 19
1 20
1 21
1 22
1 23
1 24
1 25
1 26
1 27
1 28
1 29
1 30
1 31
1 32
1 33
1 34
1 35
1 36
1 37
1 38
1 39
1 40
1 41
1 42
1 43
1 44
1 45
1 46
1 47
1 48
1 49
1 50
1 51
1 52
1 53
1 54
1 55
1 56
1 57
1 58
1 59
1 60
1 61
1 62
1 63
1 64
1 65
1 66
1 67
1 68
1 69
1 70
1 71
1 72
1 73
1 74
1 75
1 76
1 77
42 78
42 79
42 28
42 80
42 24
42 4
42 25
42 12
42 36
42 38
42 47
42 7
42 1
42 56
42 39
42 31
42 32
42 11
42 2
42 23
42 9
42 41
42 3
42 30
42 33
42 40
42 48
42 5
42 44
42 37
42 20
42 13
42 45
42 6
42 27
42 18
42 49
42 15
42 14
42 55
42 19
42 17
42 63
42 54
42 43
42 22
42 35
42 81
42 16
42 82
42 21
42 60
42 83
42 8
42 84
42 85
42 52
42 26
42 50
42 65
42 61
42 86
42 10
18 27
18 35
18 11
18 20
18 3
18 7
18 9
18 23
18 25
18 1
18 14
18 5
18 13
18 12
18 8
18 10
18 2
18 22
18 56
18 45
18 21
18 17
18 6
18 43
18 15
18 47
18 4
18 19
18 26
18 16
18 24
18 40
18 55
18 76
18 59
18 36
18 33
18 32
18 39
18 30
18 31
18 42
18 41
18 34
18 87
18 65
18 88
18 48
18 89
18 90
18 37
18 46
18 38
18 81
18 58
18 60
18 91
18 50
18 61
18 74
18 66
18 92
18 93
18 94
18 95
18 96
18 97
18 98
18 99
18 53
18 77
22 43
22 11
22 23
22 35
22 45
22 17
22 40
22 19
22 25
22 16
22 7
22 18
22 10
22 61
22 27
22 12
22 15
22 14
22 47
22 5
22 9
22 21
22 13
22 3
22 1
22 6
22 8
22 4
22 20
22 2
22 56
22 24
22 26
22 55
22 30
22 37
22 38
22 31
22 39
22 32
22 41
22 42
22 100
22 36
22 101
22 60
22 48
22 33
22 46
22 76
22 84
22 65
22 102
22 103
22 99
22 54
22 50
22 53
22 74
22 104
22 105
22 94
22 106
22 107
22 108
22 109
22 110
22 62
22 66
22 75
22 91
22 111
12 1
12 56
12 15
12 9
12 21
12 13
12 3
12 25
12 8
12 14
12 61
12 27
12 10
12 47
12 20
12 5
12 19
12 2
12 11
12 16
12 23
12 7
12 22
12 17
12 24
12 4
12 18
12 26
12 45
12 6
12 35
12 40
12 76
12 42
12 112
12 77
12 113
12 49
12 114
12 43
12 115
12 30
12 31
12 58
12 48
12 36
12 33
12 32
12 39
12 34
12 38
12 41
12 116
12 81
12 52
12 55
12 65
12 54
12 46
12 51
12 57
12 90
12 37
12 101
12 117
12 80
12 60
12 102
12 50
12 118
12 53
12 119
12 59
32 120
32 121
32 122
32 76
32 33
32 34
32 2
32 20
32 31
32 15
32 1
32 12
32 25
32 39
32 36
32 48
32 3
32 27
32 35
32 24
32 17
32 21
32 30
32 43
32 9
32 38
32 45
32 40
32 11
32 6
32 13
32 4
32 10
32 7
32 37
32 42
32 111
32 44
32 41
32 14
32 18
32 53
32 56
32 23
32 47
32 49
32 87
32 19
32 55
32 5
32 54
32 22
32 57
32 123
32 16
32 124
32 125
32 60
32 62
32 126
32 61
32 50
32 26
32 65
32 66
32 52
32 127
32 128
32 129
32 72
32 73
32 130
25 2
25 23
25 14
25 1
25 61
25 22
25 16
25 12
25 9
25 3
25 11
25 21
25 8
25 19
25 27
25 56
25 15
25 35
25 13
25 47
25 7
25 20
25 10
25 24
25 18
25 45
25 5
25 17
25 43
25 6
25 4
25 26
25 55
25 48
25 76
25 29
25 131
25 31
25 38
25 132
25 37
25 32
25 39
25 36
25 42
25 49
25 41
25 87
25 34
25 40
25 54
25 90
25 30
25 123
25 63
25 58
25 52
25 117
25 65
25 60
25 114
25 62
25 53
25 73
25 75
25 50
25 74
27 15
27 12
27 47
27 21
27 3
27 23
27 22
27 11
27 24
27 7
27 56
27 1
27 16
27 8
27 25
27 5
27 14
27 20
27 9
27 19
27 17
27 6
27 4
27 10
27 2
27 26
27 13
27 61
27 18
27 45
27 35
27 76
27 55
27 29
27 115
27 39
27 34
27 32
27 36
27 38
27 31
27 53
27 44
27 37
27 42
27 33
27 133
27 48
27 41
27 43
27 40
27 30
27 52
27 117
27 65
27 60
27 134
27 135
27 136
27 137
27 138
27 139
27 140
27 141
27 66
27 68
27 142
27 107
27 143
27 144
27 145
27 146
27 147
27 97
27 109
27 148
27 149
27 150
27 62
27 114
27 151
27 152
27 153
27 154
27 155
27 156
27 157
27 158
27 159
27 50
27 77
24 15
24 9
24 47
24 14
24 5
24 11
24 27
24 3
24 56
24 8
24 1
24 23
24 22
24 10
24 19
24 2
24 25
24 20
24 21
24 4
24 61
24 6
24 7
24 45
24 13
24 17
24 18
24 12
24 48
24 26
24 160
24 161
24 76
24 162
24 127
24 163
24 33
24 39
24 31
24 35
24 32
24 36
24 43
24 38
24 40
24 41
24 42
24 55
24 49
24 37
24 87
24 34
24 52
24 90
24 54
24 30
24 57
24 58
24 117
24 60
24 16
24 102
24 65
24 50
24 91
24 164
24 106
24 165
24 166
24 53
24 62
24 75
24 167
13 9
13 1
13 5
13 12
13 25
13 21
13 8
13 27
13 15
13 22
13 2
13 23
13 11
13 56
13 19
13 7
13 16
13 14
13 4
13 3
13 6
13 10
13 17
13 20
13 47
13 45
13 61
13 24
13 43
13 26
13 40
13 35
13 18
13 55
13 168
13 112
13 169
13 170
13 31
13 39
13 36
13 125
13 38
13 48
13 33
13 42
13 30
13 32
13 37
13 133
13 54
13 52
13 59
13 41
13 114
13 60
13 76
13 171
13 172
13 173
13 174
13 175
13 176
13 177
13 137
13 65
13 84
13 44
13 50
13 53
13 62
13 77
16 61
16 22
16 21
16 23
16 20
16 13
16 11
16 19
16 25
16 9
16 14
16 8
16 3
16 10
16 2
16 5
16 47
16 15
16 27
16 1
16 18
16 12
16 4
16 24
16 17
16 7
16 6
16 26
16 45
16 40
16 56
16 35
16 123
16 55
16 178
16 179
16 180
16 181
16 160
16 43
16 34
16 50
16 53
16 88
16 51
16 31
16 30
16 59
16 124
16 42
16 182
16 38
16 37
16 32
16 36
16 65
16 52
16 46
16 60
16 33
16 39
16 41
16 171
16 183
16 184
16 185
16 173
16 186
16 187
16 188
16 189
16 48
16 74
16 44
16 66
16 91
16 190
16 191
16 57
16 75
16 84
16 76
16 192
16 62
16 77
76 45
76 25
76 24
76 26
76 161
76 162
76 127
76 14
76 48
76 23
76 33
76 90
76 7
76 55
76 16
76 20
76 3
76 22
76 21
76 193
76 194
76 195
76 39
76 50
76 61
76 2
76 60
76 10
76 11
76 18
76 17
76 19
76 1
76 62
76 30
76 35
39 21
39 24
39 37
39 35
39 7
39 13
39 25
39 56
39 30
39 12
39 15
39 17
39 20
39 32
39 2
39 1
39 27
39 33
39 58
39 34
39 9
39 6
39 36
39 31
39 48
39 3
39 38
39 45
39 14
39 40
39 11
39 10
39 42
39 43
39 18
39 44
39 23
39 5
39 47
39 19
39 55
39 22
39 54
39 41
39 46
39 4
39 65
39 81
39 60
39 16
39 196
39 197
39 134
39 118
39 135
39 174
39 198
39 199
39 200
39 183
39 61
39 201
39 166
39 202
39 92
39 76
39 8
39 62
39 53
39 26
39 84
39 114
39 125
39 59
39 77
47 15
47 14
47 5
47 1
47 16
47 3
47 25
47 24
47 13
47 19
47 10
47 21
47 9
47 8
47 7
47 22
47 11
47 4
47 56
47 61
47 27
47 23
47 17
47 2
47 45
47 18
47 43
47 20
47 6
47 26
47 203
47 33
47 36
47 31
47 12
47 41
47 38
47 204
47 32
47 40
47 55
47 42
47 39
47 87
47 34
47 53
47 88
47 35
47 37
47 48
47 54
47 57
47 30
47 100
47 60
47 62
47 63
47 50
47 102
47 65
47 84
47 205
47 202
47 92
47 46
47 75
47 111
31 206
31 26
31 20
31 23
31 132
31 2
31 38
31 1
31 15
31 6
31 14
31 32
31 3
31 34
31 48
31 9
31 33
31 12
31 25
31 17
31 39
31 7
31 24
31 125
31 13
31 43
31 56
31 4
31 21
31 27
31 35
31 40
31 11
31 47
31 36
31 10
31 44
31 42
31 30
31 37
31 5
31 19
31 18
31 41
31 55
31 52
31 51
31 54
31 65
31 87
31 49
31 22
31 16
31 59
31 117
31 50
31 61
31 102
31 45
31 84
31 60
31 8
31 130
31 99
31 62
31 74
31 100
31 166
31 165
45 22
45 2
45 7
45 40
45 9
45 3
45 27
45 47
45 23
45 4
45 19
45 10
45 11
45 25
45 21
45 12
45 20
45 24
45 15
45 17
45 43
45 8
45 6
45 5
45 14
45 56
45 13
45 26
45 18
45 16
45 35
45 55
45 132
45 38
45 32
45 1
45 33
45 39
45 30
45 76
45 31
45 41
45 58
45 34
45 49
45 37
45 133
45 123
45 42
45 48
45 54
45 51
45 52
45 60
45 207
45 65
45 53
45 50
45 102
45 61
45 36
45 85
45 59
45 44
45 62
45 202
45 92
45 66
45 75
45 114
45 208
45 205
45 89
45 77
20 23
20 35
20 9
20 2
20 12
20 61
20 19
20 10
20 16
20 22
20 15
20 27
20 5
20 21
20 56
20 1
20 25
20 47
20 13
20 7
20 6
20 8
20 3
20 17
20 11
20 24
20 4
20 45
20 43
20 14
20 26
20 18
20 40
20 55
20 132
20 31
20 32
20 33
20 125
20 39
20 36
20 38
20 30
20 41
20 44
20 42
20 49
20 37
20 111
20 52
20 117
20 46
20 60
20 48
20 88
20 63
20 53
20 133
20 50
20 65
20 51
20 74
20 204
20 59
20 89
20 73
20 57
20 77
61 25
61 43
61 17
61 19
61 8
61 15
61 13
61 23
61 11
61 12
61 5
61 27
61 22
61 16
61 14
61 20
61 56
61 4
61 21
61 10
61 24
61 47
61 2
61 9
61 7
61 3
61 45
61 6
61 26
61 55
61 35
61 40
61 209
61 131
61 1
61 53
61 50
61 65
61 60
61 44
61 52
61 48
61 38
61 37
61 210
61 41
61 42
61 18
61 30
61 126
61 31
61 32
61 181
61 39
61 62
61 99
61 76
61 84
61 75
61 89
61 46
61 125
11 19
11 45
11 40
11 16
11 13
11 61
11 22
11 8
11 14
11 12
11 23
11 15
11 21
11 5
11 25
11 3
11 10
11 17
11 7
11 9
11 1
11 24
11 20
11 2
11 27
11 47
11 6
11 56
11 43
11 4
11 18
11 26
11 48
11 55
11 32
11 39
11 37
11 30
11 31
11 35
11 34
11 41
11 36
11 38
11 33
11 44
11 42
11 53
11 46
11 49
11 87
11 122
11 90
11 133
11 54
11 52
11 124
11 88
11 60
11 62
11 50
11 102
11 84
11 65
11 80
11 89
11 76
11 75
11 114
11 125
11 211
11 59
10 23
10 7
10 8
10 43
10 16
10 25
10 22
10 17
10 45
10 48
10 14
10 9
10 13
10 15
10 12
10 20
10 5
10 56
10 18
10 2
10 6
10 3
10 11
10 47
10 4
10 27
10 35
10 21
10 1
10 19
10 24
10 37
10 115
10 39
10 38
10 31
10 32
10 33
10 34
10 61
10 53
10 50
10 26
10 65
10 102
10 91
10 44
10 84
10 60
10 55
10 42
10 62
10 89
10 212
10 52
10 204
10 74
10 36
10 59
10 66
10 213
10 133
10 40
10 76
10 41
10 30
26 24
26 9
26 4
26 7
26 56
26 6
26 5
26 27
26 2
26 17
26 22
26 12
26 45
26 11
26 23
26 19
26 14
26 25
26 61
26 8
26 20
26 16
26 18
26 13
26 40
26 55
26 35
26 123
26 21
26 15
26 42
26 31
26 38
26 10
26 54
26 47
26 3
26 50
26 48
26 62
26 37
26 44
26 43
26 53
26 1
26 65
26 59
26 30
26 89
26 32
26 201
26 46
26 198
26 60
26 39
26 76
26 75
26 91
26 41
26 77
14 13
14 1
14 3
14 24
14 9
14 5
14 8
14 10
14 61
14 21
14 23
14 16
14 35
14 27
14 25
14 11
14 17
14 15
14 56
14 22
14 12
14 19
14 18
14 6
14 4
14 45
14 47
14 2
14 20
14 7
14 26
14 40
14 55
14 112
14 214
14 215
14 118
14 162
14 216
14 163
14 33
14 76
14 32
14 34
14 31
14 39
14 38
14 36
14 48
14 44
14 42
14 49
14 43
14 65
14 90
14 46
14 54
14 37
14 41
14 30
14 124
14 59
14 117
14 60
14 217
14 172
14 185
14 106
14 183
14 218
14 219
14 174
14 175
14 220
14 80
14 199
14 109
14 177
14 221
14 62
14 51
14 205
14 222
14 223
14 186
14 224
14 225
14 226
14 227
14 228
14 229
14 230
14 231
14 50
14 99
14 114
14 84
14 66
14 75
14 232
48 22
48 40
48 10
48 25
48 5
48 8
48 4
48 19
48 14
48 27
48 23
48 76
48 9
48 35
48 34
48 2
48 31
48 36
48 32
48 17
48 39
48 38
48 11
48 3
48 12
48 7
48 56
48 42
48 46
48 52
48 65
48 21
48 58
48 6
48 37
48 41
48 1
48 33
48 49
48 24
48 54
48 13
48 45
48 47
48 55
48 57
48 100
48 82
48 15
48 43
48 60
48 18
48 20
48 62
48 26
48 91
48 44
48 61
48 84
48 99
48 16
48 126
48 59
48 74
48 66
48 127
48 50
15 13
15 9
15 25
15 1
15 8
15 47
15 11
15 5
15 24
15 21
15 23
15 14
15 3
15 2
15 27
15 10
15 7
15 22
15 56
15 16
15 61
15 19
15 20
15 4
15 6
15 17
15 12
15 43
15 203
15 26
15 233
15 138
15 187
15 234
15 31
15 32
15 34
15 30
15 39
15 33
15 36
15 45
15 38
15 18
15 40
15 49
15 55
15 42
15 87
15 90
15 54
15 48
15 52
15 88
15 37
15 182
15 114
15 198
15 65
15 76
15 60
15 35
15 183
15 118
15 174
15 109
15 175
15 136
15 199
15 135
15 218
15 80
15 220
15 177
15 62
15 50
15 63
15 53
15 66
15 103
19 27
19 2
19 11
19 23
19 5
19 56
19 14
19 15
19 22
19 10
19 12
19 9
19 25
19 16
19 21
19 24
19 3
19 1
19 20
19 8
19 47
19 4
19 17
19 6
19 45
19 43
19 26
19 7
19 13
19 61
19 18
19 35
19 40
19 55
19 48
19 52
19 65
19 36
19 31
19 42
19 32
19 34
19 58
19 39
19 87
19 33
19 38
19 50
19 54
19 51
19 49
19 221
19 41
19 60
19 235
19 229
19 109
19 136
19 118
19 80
19 175
19 174
19 199
19 198
19 183
19 218
19 220
19 88
19 99
19 37
19 74
19 59
19 89
19 66
19 44
19 205
19 76
19 30
19 75
19 77
6 8
6 20
6 19
6 11
6 12
6 16
6 25
6 24
6 9
6 5
6 35
6 23
6 1
6 22
6 15
6 47
6 2
6 10
6 3
6 7
6 21
6 18
6 45
6 4
6 61
6 17
6 27
6 13
6 56
6 14
6 43
6 26
6 40
6 55
6 236
6 80
6 237
6 33
6 31
6 39
6 38
6 37
6 32
6 44
6 49
6 34
6 48
6 36
6 42
6 54
6 46
6 60
6 41
6 50
6 65
6 84
6 133
6 62
6 30
6 81
6 52
6 59
6 66
6 165
6 119
6 76
6 77
35 19
35 11
35 22
35 23
35 20
35 10
35 40
35 12
35 55
35 45
35 61
35 56
35 16
35 14
35 26
35 2
35 7
35 9
35 4
35 21
35 27
35 13
35 6
35 18
35 112
35 65
35 25
35 132
35 38
35 17
35 33
35 39
35 58
35 15
35 32
35 36
35 1
35 24
35 31
35 43
35 5
35 48
35 42
35 37
35 41
35 47
35 49
35 53
35 122
35 3
35 90
35 30
35 54
35 60
35 102
35 52
35 62
35 50
35 74
35 66
35 8
35 44
35 89
35 202
35 238
35 73
35 84
35 75
35 114
35 208
35 51
35 76
35 59
40 22
40 23
40 10
40 35
40 17
40 43
40 48
40 55
40 46
40 20
40 24
40 19
40 26
40 27
40 21
40 12
40 45
40 8
40 56
40 16
40 9
40 13
40 14
40 2
40 4
40 7
40 18
40 6
40 61
40 112
40 25
40 132
40 1
40 32
40 36
40 11
40 33
40 38
40 31
40 41
40 47
40 49
40 15
40 42
40 39
40 5
40 3
40 60
40 37
40 133
40 74
40 53
40 50
40 89
3 47
3 1
3 9
3 14
3 5
3 21
3 2
3 12
3 22
3 16
3 24
3 25
3 8
3 23
3 56
3 11
3 13
3 20
3 7
3 27
3 15
3 17
3 19
3 6
3 45
3 18
3 43
3 32
3 34
3 31
3 39
3 37
3 38
3 36
3 48
3 42
3 44
3 53
3 33
3 46
3 40
3 54
3 10
3 30
3 35
3 55
3 124
3 128
3 60
3 41
3 4
3 235
3 229
3 109
3 188
3 239
3 174
3 240
3 175
3 149
3 96
3 61
3 65
3 50
3 62
3 26
3 59
3 89
3 125
3 66
3 76
4 6
4 1
4 21
4 20
4 11
4 9
4 47
4 10
4 13
4 22
4 19
4 2
4 25
4 5
4 8
4 24
4 12
4 56
4 7
4 43
4 15
4 3
4 23
4 61
4 26
4 17
4 45
4 18
4 27
4 14
4 16
4 35
4 40
4 55
4 65
4 58
4 36
4 31
4 39
4 38
4 88
4 32
4 41
4 42
4 33
4 116
4 81
4 48
4 52
4 51
4 54
4 46
4 50
4 53
4 34
4 100
4 63
4 125
4 117
4 204
4 60
4 170
4 241
4 177
4 62
4 102
4 85
4 238
4 74
4 66
4 37
4 75
4 77
77 237
77 12
77 58
77 100
77 11
77 35
77 39
77 4
77 17
77 59
77 21
77 18
77 2
77 61
77 20
77 16
77 13
77 19
77 1
77 45
77 41
77 6
77 26
77 37
77 27
77 9
77 55
55 18
55 56
55 12
55 3
55 8
55 27
55 11
55 22
55 40
55 9
55 14
55 5
55 43
55 7
55 4
55 46
55 10
55 35
55 48
55 6
55 21
55 2
55 19
55 20
55 45
55 23
55 26
55 16
55 13
55 61
55 178
55 242
55 243
55 179
55 181
55 180
55 31
55 53
55 34
55 37
55 38
55 17
55 63
55 133
55 25
55 123
55 32
55 41
55 24
55 39
55 47
55 1
55 15
55 42
55 57
55 58
55 100
55 125
55 54
55 65
55 52
55 114
55 36
55 89
55 212
55 60
55 33
55 76
55 244
55 245
55 246
55 247
55 248
55 62
55 84
55 99
55 51
55 85
55 74
55 50
55 204
55 59
55 30
55 205
55 187
55 107
55 217
55 249
55 250
55 186
55 230
55 251
55 252
55 92
55 110
55 232
55 66
55 75
55 192
55 44
43 8
43 23
43 22
43 16
43 61
43 25
43 17
43 10
43 19
43 7
43 40
43 35
43 45
43 5
43 11
43 9
43 21
43 4
43 47
43 3
43 27
43 15
43 37
43 115
43 12
43 36
43 20
43 58
43 31
43 24
43 18
43 1
43 38
43 32
43 33
43 41
43 2
43 30
43 53
43 55
43 48
43 65
43 51
43 14
43 42
43 49
43 34
43 50
43 209
43 90
43 57
43 63
43 123
43 13
43 88
43 100
43 60
43 6
43 39
43 84
43 26
43 62
43 52
43 59
43 74
43 213
43 165
43 99
43 76
5 2
5 21
5 24
5 25
5 11
5 16
5 47
5 13
5 61
5 15
5 23
5 27
5 22
5 12
5 9
5 14
5 10
5 8
5 3
5 7
5 18
5 20
5 56
5 6
5 19
5 1
5 4
5 45
5 26
5 123
5 48
5 80
5 253
5 42
5 39
5 30
5 31
5 17
5 65
5 52
5 35
5 36
5 58
5 77
5 43
5 49
5 32
5 33
5 63
5 102
5 57
5 41
5 54
5 38
5 46
5 55
5 37
5 40
5 59
5 124
5 114
5 88
5 100
5 60
5 254
5 255
5 53
5 51
5 91
5 211
9 21
9 14
9 27
9 15
9 47
9 19
9 12
9 24
9 1
9 56
9 13
9 3
9 61
9 5
9 2
9 23
9 8
9 16
9 22
9 6
9 7
9 4
9 20
9 11
9 10
9 18
9 45
9 17
9 43
9 25
9 26
9 35
9 40
9 55
9 168
9 169
9 48
9 38
9 34
9 31
9 39
9 36
9 42
9 37
9 133
9 32
9 123
9 46
9 54
9 53
9 52
9 124
9 117
9 41
9 28
9 60
9 33
9 99
9 102
9 50
9 65
9 30
9 204
9 59
9 66
9 75
9 76
9 51
9 77
7 19
7 17
7 10
7 22
7 40
7 45
7 43
7 35
7 25
7 8
7 2
7 12
7 3
7 1
7 13
7 9
7 5
7 20
7 27
7 18
7 11
7 47
7 21
7 23
7 61
7 6
7 15
7 56
7 4
7 14
7 26
7 16
7 55
7 112
7 162
7 243
7 214
7 215
7 216
7 118
7 37
7 33
7 31
7 39
7 36
7 32
7 38
7 41
7 24
7 44
7 48
7 42
7 53
7 49
7 54
7 51
7 52
7 46
7 90
7 100
7 59
7 88
7 210
7 65
7 256
7 76
7 60
7 30
21 7
21 20
21 9
21 8
21 24
21 11
21 56
21 2
21 27
21 45
21 12
21 22
21 26
21 16
21 61
21 35
21 4
21 19
21 14
21 40
21 13
21 18
21 55
21 23
21 43
21 10
21 112
21 127
21 118
21 243
21 214
21 215
21 162
21 115
21 36
21 32
21 1
21 39
21 3
21 6
21 15
21 38
21 17
21 44
21 33
21 65
21 48
21 5
21 58
21 34
21 50
21 31
21 25
21 42
21 47
21 52
21 117
21 41
21 53
21 60
21 30
21 37
21 46
21 88
21 91
21 102
21 54
21 81
21 62
21 59
21 80
21 74
21 257
21 133
21 66
21 99
21 101
21 76
21 211
21 51
56 19
56 11
56 3
56 8
56 23
56 9
56 21
56 2
56 10
56 5
56 25
56 13
56 14
56 47
56 15
56 4
56 27
56 6
56 22
56 7
56 24
56 20
56 45
56 17
56 12
56 43
56 1
56 26
56 61
56 16
56 18
56 35
56 55
56 40
56 48
56 112
56 46
56 258
56 133
56 37
56 31
56 132
56 38
56 33
56 116
56 36
56 39
56 42
56 125
56 49
56 32
56 123
56 90
56 41
56 53
56 60
23 20
23 43
23 35
23 22
23 45
23 40
23 11
23 2
23 24
23 14
23 3
23 27
23 25
23 13
23 47
23 15
23 7
23 5
23 56
23 6
23 19
23 61
23 10
23 16
23 9
23 8
23 1
23 12
23 21
23 17
23 4
23 26
23 123
23 55
23 18
23 48
23 31
23 132
23 44
23 42
23 33
23 53
23 38
23 204
23 32
23 30
23 76
23 37
23 49
23 41
23 117
23 57
23 39
23 46
23 36
23 60
23 236
23 50
23 63
23 51
23 52
23 259
23 180
23 181
23 260
23 142
23 143
23 144
23 94
23 261
23 148
23 71
23 108
23 104
23 69
23 93
23 145
23 146
23 262
23 234
23 147
23 255
23 109
23 149
23 95
23 98
23 59
23 202
23 65
23 62
23 73
23 74
23 66
23 263
2 19
2 5
2 1
2 27
2 25
2 8
2 12
2 56
2 24
2 47
2 9
2 13
2 3
2 16
2 10
2 15
2 11
2 22
2 21
2 20
2 4
2 61
2 23
2 7
2 6
2 17
2 43
2 45
2 14
2 18
2 26
2 40
2 35
2 55
2 264
2 34
2 33
2 30
2 36
2 31
2 32
2 37
2 39
2 38
2 48
2 42
2 44
2 41
2 49
2 124
2 59
2 100
2 53
2 60
2 46
2 209
2 50
2 65
2 54
2 102
2 84
2 133
2 62
2 81
2 74
2 207
2 89
2 91
2 76
2 75
2 114
8 11
8 17
8 48
8 10
8 12
8 14
8 15
8 27
8 25
8 9
8 56
8 3
8 22
8 2
8 1
8 47
8 21
8 61
8 24
8 20
8 23
8 5
8 6
8 7
8 16
8 19
8 13
8 45
8 18
8 43
8 4
8 26
8 40
8 55
8 29
8 65
8 50
8 38
8 31
8 60
8 41
8 42
8 37
8 204
8 32
8 35
8 125
8 252
8 133
8 39
8 99
8 130
8 114
8 211
8 30
8 62
8 265
8 266
8 267
8 268
8 269
8 270
8 271
8 272
8 273
8 274
