1 2
3 4
5 6
7 8
9 2
10 8
11 12
13 6
14 15
7 16
7 17
7 18
7 19
7 20
21 16
21 18
21 22
21 23
21 8
10 23
17 18
17 24
17 19
17 20
25 17
25 22
25 19
25 23
25 8
23 26
23 20
27 23
27 26
27 20
7 23
28 29
28 21
28 30
28 31
28 24
28 22
28 27
28 23
28 20
28 8
32 7
32 25
32 17
32 24
32 19
32 23
32 20
32 8
33 34
33 29
33 30
33 7
33 16
33 31
33 25
33 17
33 24
33 23
33 20
33 8
30 16
30 25
30 17
30 24
30 27
30 20
30 8
26 20
26 8
26 35
31 25
31 17
31 24
31 23
31 20
31 8
22 23
22 8
36 29
36 37
36 30
36 25
36 17
36 24
36 23
34 29
34 21
34 7
34 17
34 23
34 8
34 35
3 38
3 13
29 7
29 17
29 19
10 19
4 8
25 18
25 27
25 26
25 20
25 35
17 27
17 39
17 35
23 35
28 37
28 16
28 25
28 10
28 26
28 35
7 31
7 24
7 35
33 36
33 37
33 18
33 22
33 10
36 21
36 16
36 31
36 18
36 22
36 10
36 26
36 20
36 8
36 35
31 18
31 10
31 19
32 16
32 22
32 27
32 26
22 10
22 19
22 20
30 31
30 22
30 10
30 26
29 37
29 21
29 30
29 32
29 16
29 18
29 24
29 27
29 23
29 8
34 37
34 16
34 18
34 24
34 22
34 20
21 32
21 31
21 25
21 24
21 27
3 40
3 16
3 31
3 17
3 8
3 35
17 23
17 8
27 8
7 22
28 32
23 8
33 21
33 32
33 27
32 10
41 42
36 34
36 32
36 19
36 27
30 32
30 18
11 35
29 26
31 22
31 26
22 27
22 26
34 32
34 10
34 19
34 27
34 26
12 35
3 24
3 19
25 24
7 27
43 38
44 2
45 46
7 10
47 2
48 49
10 50
10 51
10 52
10 53
15 35
7 54
7 55
7 50
7 51
7 52
7 53
7 56
15 57
15 7
15 54
15 55
15 10
15 50
15 51
15 52
15 56
52 8
58 15
58 57
58 7
58 55
58 10
58 52
58 8
15 8
5 13
7 59
7 60
15 61
61 7
61 10
61 8
61 35
60 8
60 35
62 61
62 7
62 60
62 10
62 8
7 63
7 64
7 65
7 66
15 67
15 66
10 64
10 65
10 66
15 64
15 65
15 68
45 14
9 46
44 42
10 69
70 71
4 69
1 42
15 72
11 41
11 72
15 11
15 1
1 11
68 72
44 12
45 11
45 12
15 41
5 35
71 73
44 11
4 35
9 1
9 6
9 42
72 35
42 2
15 6
41 12
46 44
46 11
46 41
46 12
44 41
68 6
68 35
46 72
15 69
4 13
68 4
68 69
1 6
46 68
43 6
46 10
43 41
49 73
43 46
43 4
48 73
70 48
70 49
70 73
3 44
43 11
3 69
9 69
43 13
74 75
11 75
7 13
43 3
7 4
41 75
43 75
11 6
3 76
68 71
41 6
13 2
7 2
15 4
15 32
43 10
68 32
3 32
46 76
7 11
14 76
14 32
14 4
14 35
3 14
44 38
14 68
5 69
74 11
74 69
74 72
15 77
11 69
7 75
68 10
68 74
68 11
14 25
15 16
15 25
9 73
14 16
73 42
73 2
16 25
16 35
3 15
41 4
44 7
44 4
44 72
70 46
68 12
4 72
3 72
43 68
15 13
14 10
14 69
14 13
13 35
45 78
15 79
15 80
15 63
15 81
14 81
43 7
14 2
47 12
14 72
5 41
16 72
74 73
46 25
15 60
14 60
44 63
43 5
43 12
4 2
81 72
14 8
7 72
60 12
8 72
8 35
49 71
60 81
43 77
48 71
9 63
4 12
10 72
10 35
44 35
11 4
44 10
15 21
15 82
15 27
14 21
14 82
14 64
14 27
78 38
21 82
21 64
21 72
21 35
64 27
64 8
64 72
82 64
82 27
82 8
82 72
82 35
27 72
27 35
25 72
78 7
78 60
78 81
16 66
78 11
60 11
81 11
10 41
14 11
78 35
25 11
7 6
11 66
78 77
27 69
25 6
25 81
6 42
78 16
78 6
78 42
16 81
16 6
81 6
44 77
10 42
21 10
10 27
45 66
15 12
21 4
43 35
21 41
14 6
6 2
21 7
6 12
81 12
78 12
15 73
78 46
10 4
78 41
78 10
25 10
78 14
78 43
47 11
27 11
81 69
78 5
45 16
16 1
44 13
73 4
1 69
16 69
48 35
46 4
21 5
46 5
5 11
14 80
16 73
16 75
16 10
43 74
47 4
43 47
15 74
78 13
74 35
46 21
45 76
43 21
73 69
46 66
1 73
8 6
46 7
7 12
3 80
7 69
14 5
43 72
14 38
38 60
38 7
38 11
38 12
38 74
71 69
14 7
1 13
1 12
43 60
45 13
43 14
45 10
38 5
38 35
38 15
38 6
46 14
46 27
38 10
46 38
60 75
47 6
45 15
45 4
16 11
46 1
16 5
11 42
5 42
16 42
68 8
8 66
4 42
21 6
16 63
14 63
64 5
3 21
3 64
41 66
45 5
68 80
64 73
68 25
41 35
64 71
49 64
48 64
38 80
38 8
44 27
38 68
38 72
27 42
14 42
8 42
42 72
68 42
25 42
38 21
38 27
25 69
25 5
68 41
8 2
27 41
38 69
38 2
68 2
14 75
68 75
8 75
60 82
44 16
14 71
71 11
43 76
43 15
43 80
43 71
43 8
16 2
81 42
71 8
71 72
71 35
46 71
76 38
76 15
76 68
76 80
76 8
76 72
14 58
38 64
58 76
58 68
58 80
58 72
82 11
68 7
68 27
60 64
58 38
58 69
58 35
60 6
81 41
82 81
43 64
43 81
14 47
38 81
68 47
47 8
47 72
47 35
10 47
14 73
5 4
6 72
68 73
73 72
73 35
64 41
73 8
25 73
38 4
7 73
3 73
64 35
38 41
30 60
14 41
7 5
46 3
7 41
27 66
5 8
5 72
6 35
68 5
7 80
46 69
49 8
49 35
7 49
48 15
48 80
48 7
3 27
43 27
69 35
83 14
83 15
83 68
83 32
83 35
83 76
83 10
46 28
46 15
46 84
46 32
12 72
28 15
28 84
28 12
28 72
45 28
45 84
45 32
45 72
83 7
83 75
83 72
3 28
14 12
69 72
25 71
27 4
46 83
85 14
85 15
85 32
85 10
85 35
85 3
85 76
85 69
3 6
85 21
85 7
85 80
46 48
46 49
46 64
46 73
85 44
44 80
85 72
85 68
85 4
3 10
30 7
30 35
75 35
81 35
10 81
81 27
81 4
28 69
85 11
48 68
44 81
78 47
38 47
85 16
27 12
46 16
85 25
85 43
85 38
85 12
85 66
9 15
9 38
12 66
85 46
28 73
10 11
10 12
70 64
28 49
28 64
85 6
70 28
28 48
85 78
85 8
3 68
11 2
46 2
12 2
78 2
60 72
78 75
11 8
78 4
21 12
85 47
9 16
74 4
70 42
3 74
43 16
16 74
16 27
16 12
85 74
10 74
78 58
7 74
58 74
85 58
78 74
58 12
74 8
9 78
69 8
68 65
21 60
46 80
3 7
58 6
83 65
86 31
86 19
86 23
86 53
86 72
58 27
44 15
83 59
83 3
83 8
86 35
86 68
83 4
9 13
14 1
78 27
14 59
68 59
28 71
59 10
59 35
59 75
30 59
70 25
30 81
81 75
68 63
48 74
9 10
27 13
14 84
38 13
10 13
43 1
87 55
87 88
87 52
87 26
87 20
30 87
30 55
30 88
30 52
51 26
62 15
62 57
62 32
62 20
57 32
57 20
87 68
70 68
62 51
62 26
70 87
41 72
51 20
1 75
57 89
30 1
30 74
62 89
78 1
74 13
13 12
57 51
57 26
32 89
32 51
81 13
62 34
62 37
90 62
90 34
90 37
90 57
90 32
90 89
90 51
90 26
90 20
34 57
34 89
34 51
74 27
74 12
52 20
62 30
90 30
34 30
65 13
32 52
83 74
34 52
14 28
90 87
34 87
87 57
87 89
70 2
62 52
1 81
33 51
57 1
58 84
58 28
33 55
90 33
90 55
28 6
34 55
33 87
28 60
28 65
87 51
62 63
33 89
62 87
62 33
62 55
59 81
33 26
33 38
88 20
30 57
30 89
88 51
30 51
73 81
64 11
91 41
46 65
73 75
38 84
30 72
75 72
21 75
5 75
46 75
65 66
32 55
57 55
1 72
21 69
87 32
33 57
9 74
21 80
91 12
43 91
46 6
91 11
68 53
30 68
27 53
69 6
69 2
83 84
9 35
65 12
90 50
8 12
90 39
28 68
28 75
46 35
30 6
75 6
43 69
28 61
78 8
78 69
43 82
82 4
82 12
78 82
9 72
58 25
58 75
87 39
58 81
90 11
48 25
92 15
61 41
30 2
81 2
30 61
30 39
61 89
61 20
61 39
61 87
71 4
43 2
85 27
34 4
16 65
46 13
11 13
16 13
88 39
62 39
5 66
44 65
44 66
58 5
58 11
44 5
51 39
28 13
33 61
51 52
13 66
58 66
9 44
44 84
38 28
44 64
44 6
9 81
14 74
43 93
88 52
61 52
34 61
78 28
78 64
69 75
44 69
85 75
28 7
28 81
52 39
85 13
34 39
85 93
78 84
87 6
9 14
57 52
83 13
44 76
32 39
90 52
57 39
68 81
83 80
83 21
21 13
58 13
3 58
83 71
78 25
43 84
43 25
43 37
25 13
60 13
61 57
81 8
13 8
68 60
9 8
3 84
78 65
5 81
65 81
3 5
74 5
74 81
60 74
60 69
25 4
3 25
90 63
33 39
65 27
65 11
43 44
90 61
46 81
61 51
21 11
58 51
58 63
65 8
13 42
16 47
44 75
78 93
78 21
41 13
44 74
16 60
46 58
44 1
58 60
46 93
30 4
43 52
83 27
83 12
1 27
60 1
38 1
30 13
38 75
3 52
78 62
78 33
33 52
43 63
65 51
30 63
34 63
61 63
83 16
65 4
30 65
65 75
58 4
27 75
10 2
90 12
28 4
28 47
82 47
46 74
82 52
5 12
38 65
74 51
64 13
90 41
82 75
30 82
28 41
70 7
5 51
87 74
33 66
60 2
5 2
5 27
44 32
69 12
83 28
83 64
83 93
83 81
83 69
60 10
64 81
64 6
10 6
58 41
83 6
60 27
16 71
83 41
60 4
90 27
52 27
43 83
78 3
14 29
14 23
83 29
29 15
29 10
29 35
60 65
62 59
59 52
59 39
23 72
68 23
90 59
61 59
23 6
13 75
58 16
33 59
59 22
51 56
23 4
94 29
94 15
94 68
94 80
94 23
94 7
94 72
94 65
94 66
81 66
90 56
17 22
32 59
58 29
70 14
62 17
44 14
17 51
69 66
60 5
5 23
46 94
69 13
14 31
31 80
31 35
23 69
31 1
22 56
61 22
61 56
16 51
59 71
17 47
17 74
74 47
87 8
17 56
22 39
17 52
39 56
22 52
52 56
30 56
59 17
59 56
32 56
62 22
62 56
59 51
22 51
31 42
31 63
90 17
9 31
90 22
31 2
31 13
87 22
58 23
33 56
44 31
87 47
87 27
87 12
38 16
31 41
94 12
3 23
1 66
65 35
83 23
78 23
51 27
78 31
21 47
62 54
54 59
54 39
30 54
54 51
33 54
87 59
87 54
78 59
87 56
9 84
9 43
44 17
21 81
74 2
83 63
31 65
40 61
40 17
40 52
65 42
58 31
58 65
58 42
42 35
58 2
90 71
90 40
3 81
1 35
58 1
3 1
46 60
75 2
65 72
31 81
58 87
54 17
54 52
54 56
62 40
9 45
38 23
30 5
31 69
44 68
36 87
29 68
36 54
38 29
29 5
36 59
46 47
10 5
88 56
36 61
36 52
36 56
62 36
31 73
29 6
78 73
32 54
29 47
28 66
62 23
87 75
88 23
59 23
61 17
30 23
61 32
51 72
54 23
83 38
51 23
43 29
70 83
68 13
29 13
16 31
30 41
94 41
29 41
94 84
68 20
16 49
41 8
3 41
68 19
86 7
86 41
86 8
38 86
38 19
36 51
86 12
44 86
25 74
83 86
14 86
1 5
29 60
29 81
14 19
33 40
9 86
86 4
46 86
90 54
65 5
86 5
9 5
31 5
54 47
83 25
43 40
43 86
38 82
38 66
44 19
28 54
58 19
3 12
90 66
28 5
44 51
28 19
5 19
48 60
70 45
70 13
70 12
73 41
70 43
61 54
65 73
88 2
28 2
74 52
70 31
32 73
29 4
36 91
91 52
44 94
74 23
17 91
46 23
88 91
6 66
43 28
28 94
23 56
28 86
61 23
28 1
78 86
58 21
23 66
78 19
78 15
78 29
62 1
59 74
62 2
54 74
35 2
94 35
21 42
12 42
38 42
21 2
41 2
21 74
29 84
25 52
78 66
18 10
18 19
18 8
18 35
18 81
18 5
18 13
18 6
44 91
64 66
58 20
20 72
90 23
1 20
44 59
44 52
44 30
20 2
30 66
75 66
16 19
29 66
60 19
68 56
30 19
86 16
43 19
86 2
25 66
62 48
78 68
78 20
1 8
1 91
60 20
29 64
43 58
14 18
68 18
28 18
60 18
43 18
54 24
58 18
59 24
78 18
58 86
31 4
90 24
81 19
18 74
18 72
29 69
18 65
18 12
18 69
18 4
18 75
29 74
29 72
94 10
94 74
36 63
21 86
86 27
61 24
23 39
38 18
30 69
31 74
91 19
91 35
21 91
73 20
21 73
44 73
73 13
43 73
74 19
73 5
36 39
20 69
87 24
16 18
87 17
87 23
16 4
21 68
94 16
49 91
46 19
10 75
43 20
78 72
13 72
65 69
43 65
78 76
60 63
44 18
1 71
33 1
17 1
49 47
38 20
18 91
18 66
62 24
58 91
20 13
46 91
91 66
17 10
46 17
65 91
91 13
44 20
91 2
65 2
29 86
29 12
91 72
82 2
10 91
82 91
40 87
86 69
1 65
3 20
3 2
31 66
3 63
3 66
39 13
20 35
18 41
18 95
18 2
18 1
18 42
40 59
65 41
40 37
40 54
40 36
40 74
40 63
40 23
33 74
74 65
40 30
40 24
40 39
20 42
16 20
69 42
78 83
40 32
40 51
8 95
95 66
46 8
43 95
43 66
41 95
20 75
95 2
30 95
75 95
62 84
58 95
29 95
60 41
60 95
60 66
46 62
61 74
16 41
16 8
16 95
5 95
65 95
13 95
29 75
29 65
29 2
14 52
95 35
1 41
1 95
29 1
78 95
65 20
78 44
95 42
44 58
44 29
44 95
29 42
38 95
14 95
46 95
74 95
54 91
38 39
68 39
3 39
39 42
86 18
39 6
86 95
44 47
95 12
3 95
68 95
40 56
68 91
86 91
91 95
25 95
10 95
43 31
43 42
74 41
41 69
86 74
71 42
3 33
48 2
61 19
18 73
1 19
54 69
94 17
94 81
71 91
62 19
40 89
33 2
36 89
46 42
17 6
17 89
33 6
18 11
60 42
51 19
33 19
51 81
65 19
59 89
94 11
68 31
94 52
52 19
68 52
51 66
78 63
94 42
52 4
28 11
33 5
11 95
31 47
3 11
46 18
91 69
54 89
90 14
58 94
68 64
86 10
52 23
18 82
6 95
9 20
18 47
90 36
40 75
40 47
62 14
62 76
62 3
62 68
62 4
62 35
62 69
62 6
59 25
59 8
59 4
3 59
59 69
59 80
3 89
94 54
48 66
74 89
19 72
19 41
19 4
78 40
43 39
19 8
3 65
94 13
19 35
54 49
59 18
74 56
62 5
73 19
74 20
58 89
40 38
59 47
33 15
33 35
33 4
43 17
44 37
34 42
48 13
54 10
90 15
90 10
15 89
36 15
15 30
15 24
87 10
10 89
54 8
90 8
54 22
15 59
60 71
15 47
60 89
15 19
19 6
90 65
15 91
91 81
91 4
34 56
15 42
40 34
54 42
54 72
17 42
15 17
17 72
17 41
3 42
21 54
86 42
15 86
93 15
93 21
93 86
93 68
93 41
93 72
93 5
40 26
93 58
38 63
17 26
59 26
68 66
21 66
21 59
15 84
56 35
3 56
82 56
14 56
56 72
25 41
34 54
25 63
34 59
68 82
25 82
25 56
9 85
21 63
21 56
14 65
61 47
14 37
15 37
46 56
37 35
94 37
94 25
14 94
25 47
15 20
14 20
14 77
94 77
84 65
37 61
88 26
37 89
37 26
37 32
37 51
78 91
37 30
37 59
37 17
37 52
37 39
37 56
37 54
37 24
72 2
15 2
84 81
90 84
59 91
19 75
15 75
83 30
77 65
77 19
40 91
77 35
77 1
54 27
77 32
61 68
61 1
61 72
77 68
83 19
77 61
77 24
77 4
3 61
19 23
37 87
1 23
15 23
77 23
77 72
83 77
40 41
77 74
32 63
83 73
25 1
83 5
84 73
84 74
15 18
74 1
77 25
83 18
77 5
77 20
15 5
9 41
4 6
77 27
77 41
77 31
15 31
84 16
31 27
77 16
81 39
77 39
15 39
26 39
26 56
54 26
61 26
31 49
83 58
15 26
88 19
19 26
52 26
88 35
83 40
83 26
3 26
46 40
46 26
21 52
40 15
40 68
40 25
40 19
84 35
48 77
48 19
15 71
77 71
21 65
77 86
77 7
84 41
83 91
39 2
73 39
57 54
90 35
37 57
84 4
31 6
19 66
84 21
37 23
32 72
32 35
84 72
32 69
21 19
32 75
19 13
4 66
84 8
19 27
19 69
77 63
84 12
70 91
70 35
77 10
84 68
38 71
84 69
62 71
91 20
91 73
6 56
25 75
94 75
94 86
94 27
65 23
94 5
84 7
84 10
84 27
84 19
84 66
44 8
33 69
78 39
82 41
90 68
37 13
94 60
48 65
7 81
18 27
90 74
84 5
44 56
83 94
4 56
36 74
32 2
84 32
84 2
90 73
19 12
58 64
46 63
84 63
3 91
91 75
64 4
64 91
54 41
84 75
3 18
40 8
23 13
84 23
28 17
84 60
83 47
78 94
91 27
19 2
19 20
74 66
93 25
93 65
31 91
91 6
93 6
32 5
93 35
94 59
94 30
90 94
14 36
36 68
77 8
68 1
60 47
96 15
96 72
96 14
96 80
96 68
96 44
96 3
57 71
96 57
37 91
74 91
93 3
93 14
93 4
84 13
84 6
4 20
94 8
33 47
96 83
96 4
96 8
64 2
10 73
36 69
26 69
40 69
83 66
93 17
17 65
93 16
4 75
20 6
93 19
20 12
84 20
93 8
85 19
85 81
84 18
85 60
85 83
83 60
96 6
85 86
85 5
84 86
43 24
93 75
77 30
93 38
93 60
77 26
32 49
32 65
3 77
27 6
46 29
19 42
33 91
77 87
93 81
93 13
77 51
68 51
38 77
38 25
93 29
86 52
41 56
40 10
40 72
74 6
59 20
93 74
34 47
7 47
3 47
25 12
43 23
56 42
7 42
23 42
96 41
96 33
96 52
96 23
74 42
33 84
84 52
68 54
34 68
33 68
37 68
68 17
91 39
65 71
33 73
96 71
84 42
96 10
96 19
96 35
78 96
43 96
96 38
96 7
96 27
96 12
96 84
96 20
96 13
96 73
61 60
18 23
94 47
94 87
44 60
76 35
62 13
62 42
86 65
93 10
93 66
76 4
40 73
76 10
88 66
33 94
76 69
81 20
93 69
10 20
93 12
33 65
86 13
68 89
85 77
77 69
41 20
20 8
46 77
34 15
77 13
59 66
85 94
3 94
34 13
83 1
96 77
93 7
96 76
85 96
96 69
52 13
49 19
49 72
84 11
86 64
86 11
85 29
28 77
64 65
85 41
86 60
86 66
1 4
84 77
59 12
7 91
7 1
34 74
94 69
77 42
58 77
94 19
37 41
37 20
34 91
34 41
85 17
28 74
17 5
20 66
65 6
19 11
32 71
29 59
82 6
29 11
85 82
14 66
90 85
14 39
94 39
94 56
62 74
69 39
69 56
96 63
74 39
14 40
18 56
74 26
91 56
73 66
46 82
82 66
82 19
85 65
25 91
77 12
36 41
94 61
33 72
7 25
59 6
39 8
8 56
78 34
68 79
82 5
11 39
78 79
79 19
79 8
79 35
79 6
79 72
79 25
3 79
64 19
44 25
79 69
85 84
86 75
85 24
41 39
83 24
94 89
68 24
84 91
94 2
14 24
15 22
83 44
83 11
40 22
21 77
85 2
77 6
3 86
43 36
11 56
85 79
96 28
92 11
85 23
79 10
23 11
79 91
51 8
94 79
58 71
77 11
77 75
76 6
76 12
76 74
76 5
17 11
46 52
51 11
93 77
85 39
73 6
14 87
96 25
58 82
58 39
82 13
85 42
86 63
86 54
75 12
86 6
86 82
96 11
94 82
84 82
82 65
77 82
10 82
3 82
82 69
14 33
86 49
43 49
40 77
85 91
84 64
64 69
3 51
96 5
70 44
93 76
93 42
68 16
40 4
93 11
85 64
14 61
76 21
14 91
79 17
79 2
79 16
31 11
93 84
15 95
93 20
93 18
86 81
20 95
79 11
79 20
79 95
76 84
70 56
76 11
76 42
76 13
93 1
27 2
31 72
76 19
93 44
79 65
94 64
27 95
40 84
87 11
77 95
40 18
77 18
94 91
67 77
67 68
67 10
67 27
67 11
84 67
7 82
78 67
79 13
79 12
67 41
58 33
67 86
67 12
67 69
46 89
67 4
15 87
70 84
70 78
67 61
40 49
67 60
67 1
67 2
67 26
51 2
87 1
67 6
67 72
3 49
40 60
79 4
79 31
70 15
70 10
70 72
70 76
70 4
67 74
67 13
3 60
70 20
67 66
67 47
67 19
58 67
86 25
58 40
86 17
17 69
78 17
78 37
78 54
67 20
46 31
46 87
46 67
67 64
14 67
67 31
46 20
79 5
67 91
28 67
58 49
68 49
67 65
79 60
3 29
67 82
40 5
11 20
67 81
67 35
86 20
67 21
79 1
10 1
67 8
79 47
79 66
67 5
67 7
3 87
86 39
78 32
40 27
46 39
67 18
79 18
79 82
40 94
76 77
76 29
79 23
67 25
67 63
3 67
79 81
78 49
76 66
40 35
40 21
70 26
70 74
67 42
52 69
86 73
79 64
17 13
78 56
40 6
9 58
9 4
79 41
9 11
40 2
20 39
28 82
17 4
51 35
28 91
70 1
70 21
70 18
10 49
